4 0
5 0
6 0
7 0
8 0
9 0
10 0
11 0
12 0
13 0
14 0
15 0
16 0
17 0
18 0
19 0
20 0
21 0
22 0
23 0
24 0
25 0
26 0
27 0
28 0
29 0
30 0
31 0
32 0
33 0
34 0
35 0
36 0
37 0
38 0
39 0
40 0
41 0
42 0
43 0
44 0
45 0
46 0
47 0
48 0
49 0
50 0
51 0
52 0
53 0
54 0
55 0
56 0
57 0
58 0
59 0
60 0
61 0
62 0
63 0
64 0
65 0
66 0
67 0
68 0
69 0
70 0
71 0
72 0
73 0
74 0
75 0
76 0
77 0
78 0
79 0
80 0
81 0
82 0
83 0
84 0
85 0
86 0
87 0
88 0
89 0
90 0
91 0
92 0
93 0
94 0
95 0
96 0
97 0
98 0
99 0
100 0
101 0
102 0
103 0
104 0
105 0
106 0
107 0
108 0
109 0
110 0
111 0
112 0
113 0
114 0
115 0
116 0
117 0
118 0
119 0
120 0
121 0
122 0
123 0
124 0
125 0
126 0
127 0
128 0
129 0
130 0
131 0
132 0
133 0
134 0
135 0
136 0
137 0
138 0
139 0
140 0
141 0
142 0
143 0
144 0
145 0
146 0
147 0
148 0
149 0
150 0
151 0
152 0
153 0
154 0
155 0
156 0
157 0
158 0
159 0
160 0
161 0
162 0
163 0
164 0
165 0
166 0
167 0
168 0
169 0
170 0
171 0
172 0
173 0
174 0
175 0
176 0
177 0
178 0
179 0
180 0
181 0
182 0
183 0
184 0
185 0
186 0
187 0
188 0
189 0
190 0
191 0
192 0
193 0
194 0
195 0
196 0
197 0
198 0
199 0
200 0
201 0
202 0
203 0
204 0
205 0
206 0
207 0
208 0
209 0
210 0
211 0
212 0
213 0
214 0
215 0
216 0
217 0
218 0
219 0
220 0
221 0
222 0
223 0
224 0
225 0
226 0
227 0
228 0
229 0
230 0
231 0
232 0
233 0
234 0
235 0
236 0
237 0
238 0
239 0
240 0
241 0
242 0
243 0
244 0
245 0
246 0
247 0
248 0
249 0
250 0
251 0
252 0
253 0
254 0
255 0
256 0
257 0
258 0
259 0
260 0
261 0
262 0
263 0
264 0
265 0
266 0
267 0
268 0
269 0
270 0
271 0
272 0
273 0
274 1
275 1
276 1
277 1
278 1
279 1
280 1
281 1
282 1
283 1
284 1
285 1
286 1
287 1
288 1
289 1
290 1
291 1
292 1
293 1
294 1
295 1
296 1
297 1
298 1
299 1
300 1
301 1
302 1
303 1
304 1
305 1
306 1
307 1
308 1
309 1
310 1
311 1
312 1
313 1
314 1
315 1
316 1
317 1
318 1
319 1
320 1
321 1
322 1
323 1
324 1
325 1
326 1
327 1
328 1
329 1
330 1
331 1
332 1
333 1
334 1
335 1
336 1
337 1
338 1
339 1
340 1
341 1
342 1
343 1
344 1
345 1
346 1
347 1
348 1
349 1
350 1
351 1
352 1
353 1
354 1
355 1
356 2
357 1
358 1
359 1
360 1
361 1
362 1
363 1
364 1
365 1
366 1
367 1
368 1
369 1
370 1
371 1
372 1
373 1
374 1
375 1
376 1
377 1
378 1
379 1
380 2
381 1
382 2
383 1
384 1
385 1
386 2
387 2
388 2
389 2
390 2
391 2
392 2
393 2
394 2
395 2
396 2
397 2
398 2
399 2
400 2
401 2
402 2
403 2
404 2
405 2
406 2
407 2
408 2
409 2
410 2
411 2
412 2
413 2
414 2
415 2
416 2
417 2
418 2
419 2
420 2
421 2
422 2
423 2
424 2
425 2
426 2
427 2
428 2
429 2
430 2
431 2
432 2
433 2
434 2
435 2
436 2
437 2
438 2
439 2
440 2
441 2
442 2
443 2
444 2
445 2
446 2
447 2
448 2
449 2
450 2
451 2
452 2
453 2
454 2
455 2
456 2
457 2
458 2
459 2
460 2
461 2
462 2
463 2
464 2
465 2
466 2
467 2
468 3
469 2
470 2
471 2
472 3
473 3
474 3
475 3
476 3
477 3
478 3
479 3
480 3
481 3
482 3
483 3
484 3
485 3
486 3
487 3
488 3
489 3
490 3
491 3
492 3
493 3
494 3
495 3
496 3
497 3
498 3
499 3
500 3
501 3
502 3
503 3
504 3
505 3
506 3
507 3
508 3
509 3
510 3
511 3
512 3
513 3
514 3
515 3
516 3
517 3
518 3
519 3
520 3
521 3
522 3
523 3
524 3
525 3
526 3
527 3
528 3
529 3
530 3
531 3
532 3
533 3
534 3
535 3
536 3
537 3
538 4
539 4
540 3
541 3
542 4
543 4
544 4
545 4
546 4
547 4
548 4
549 4
550 4
551 4
552 4
553 4
554 4
555 4
556 4
557 4
558 4
559 4
560 4
561 4
562 4
563 4
564 4
565 4
566 4
567 4
568 4
569 4
570 4
571 4
572 4
573 4
574 4
575 4
576 4
577 4
578 4
579 4
580 4
581 4
582 4
583 4
584 4
585 4
586 4
587 4
588 4
589 4
590 4
591 4
592 4
593 4
594 4
595 4
596 4
597 4
598 4
599 4
600 4
601 5
602 5
603 5
604 5
605 5
606 5
607 5
608 5
609 5
610 5
611 5
612 5
613 5
614 5
615 5
616 5
617 5
618 5
619 5
620 5
621 5
622 5
623 5
624 5
625 5
626 5
627 5
628 5
629 5
630 5
631 5
632 5
633 5
634 5
635 5
636 5
637 5
638 5
639 5
640 5
641 5
642 6
643 6
644 5
645 5
646 5
647 5
648 6
649 6
650 5
651 5
652 5
653 5
654 6
655 6
656 6
657 6
658 6
659 6
660 6
661 6
662 6
663 6
664 6
665 6
666 6
667 6
668 6
669 6
670 6
671 6
672 6
673 6
674 6
675 6
676 6
677 6
678 6
679 6
680 6
681 6
682 6
683 6
684 6
685 6
686 6
687 6
688 6
689 6
690 7
691 8
692 6
693 6
694 6
695 6
696 6
697 6
698 6
699 6
700 6
701 6
702 6
703 6
704 6
705 6
706 6
707 6
708 6
709 6
710 6
711 7
712 6
713 6
714 6
715 7
716 6
717 7
718 7
719 7
720 10
721 12
722 7
723 7
724 7
725 7
726 7
727 7
728 7
729 7
730 7
731 7
732 12
733 8
734 7
735 7
736 7
737 7
738 7
739 7
740 7
741 7
742 7
743 7
744 7
745 7
746 7
747 9
748 7
749 9
750 10
751 8
752 8
753 9
754 8
755 8
756 8
757 8
758 8
759 9
760 8
761 8
762 8
763 8
764 8
765 7
766 8
767 8
768 8
769 8
770 8
771 8
772 8
773 8
774 8
775 8
776 8
777 8
778 8
779 8
780 8
781 8
782 8
783 8
784 8
785 8
786 8
787 8
788 8
789 8
790 8
791 8
792 8
793 8
794 8
795 8
796 8
797 8
798 8
799 8
800 8
801 8
802 8
803 8
804 8
805 8
806 8
807 8
808 8
809 8
810 8
811 8
812 9
813 9
814 9
815 9
816 9
817 9
818 9
819 9
820 9
821 9
822 9
823 9
824 9
825 9
826 9
827 9
828 9
829 9
830 9
831 9
832 9
833 9
834 9
835 9
836 9
837 10
838 9
839 9
840 9
841 9
842 9
843 9
844 9
845 9
846 9
847 9
848 9
849 9
850 9
851 10
852 16
853 11
854 10
855 10
856 10
857 10
858 10
859 10
860 10
861 10
862 10
863 11
864 10
865 10
866 10
867 10
868 10
869 10
870 10
871 10
872 10
873 10
874 10
875 10
876 10
877 10
878 10
879 10
880 10
881 10
882 10
883 10
884 11
885 10
886 10
887 10
888 10
889 11
890 10
891 10
892 11
893 11
894 11
895 11
896 11
897 11
898 11
899 11
900 11
901 11
902 11
903 11
904 11
905 11
906 11
907 11
908 11
909 11
910 11
911 11
912 11
913 11
914 11
915 11
916 11
917 11
918 11
919 11
920 11
921 11
922 11
923 11
924 11
925 11
926 11
927 11
928 17
929 12
930 11
931 11
932 11
933 11
934 11
935 11
936 11
937 11
938 11
939 11
940 11
941 12
942 12
943 12
944 12
945 12
946 12
947 12
948 12
949 12
950 12
951 12
952 12
953 12
954 12
955 12
956 12
957 12
958 12
959 12
960 12
961 12
962 12
963 12
964 12
965 13
966 12
967 12
968 13
969 12
970 13
971 12
972 13
973 13
974 12
975 13
976 13
977 13
978 13
979 13
980 13
981 13
982 13
983 13
984 20
985 16
986 14
987 14
988 14
989 14
990 15
991 14
992 14
993 14
994 14
995 14
996 14
997 14
998 14
999 14
1000 14
1001 14
1002 14
1003 20
1004 16
1005 14
1006 14
1007 14
1008 14
1009 14
1010 14
1011 14
1012 14
1013 15
1014 15
1015 16
1016 14
1017 14
1018 16
1019 14
1020 16
1021 14
1022 14
1023 14
1024 14
1025 14
1026 14
1027 14
1028 14
1029 15
1030 14
1031 14
1032 14
1033 16
1034 14
1035 14
1036 14
1037 14
1038 14
1039 15
1040 16
1041 19
1042 15
1043 15
1044 15
1045 15
1046 15
1047 15
1048 15
1049 15
1050 15
1051 15
1052 15
1053 15
1054 15
1055 15
1056 15
1057 15
1058 15
1059 15
1060 15
1061 15
1062 15
1063 15
1064 15
1065 15
1066 16
1067 15
1068 22
1069 16
1070 15
1071 15
1072 15
1073 15
1074 15
1075 15
1076 15
1077 15
1078 15
1079 15
1080 15
1081 15
1082 16
1083 16
1084 16
1085 16
1086 16
1087 16
1088 16
1089 16
1090 16
1091 16
1092 16
1093 16
1094 16
1095 16
1096 16
1097 16
1098 16
1099 16
1100 16
1101 16
1102 16
1103 16
1104 16
1105 17
1106 16
1107 16
1108 16
1109 16
1110 16
1111 16
1112 16
1113 17
1114 17
1115 17
1116 17
1117 17
1118 17
1119 17
1120 17
1121 17
1122 17
1123 17
1124 17
1125 17
1126 17
1127 22
1128 17
1129 17
1130 17
1131 17
1132 17
1133 17
1134 17
1135 17
1136 17
1137 17
1138 17
1139 17
1140 17
1141 17
1142 17
1143 17
1144 18
1145 18
1146 19
1147 18
1148 18
1149 18
1150 18
1151 19
1152 18
1153 19
1154 18
1155 18
1156 18
1157 18
1158 18
1159 18
1160 19
1161 18
1162 19
1163 18
1164 19
1165 19
1166 19
1167 19
1168 19
1169 19
1170 19
1171 19
1172 19
1173 19
1174 19
1175 19
1176 19
1177 19
1178 19
1179 19
1180 22
1181 21
1182 19
1183 19
1184 19
1185 19
1186 19
1187 20
1188 19
1189 19
1190 19
1191 19
1192 19
1193 19
1194 21
1195 21
1196 20
1197 20
1198 21
1199 20
1200 20
1201 20
1202 20
1203 20
1204 19
1205 20
1206 20
1207 20
1208 20
1209 20
1210 20
1211 20
1212 20
1213 20
1214 20
1215 20
1216 22
1217 20
1218 20
1219 20
1220 20
1221 20
1222 20
1223 20
1224 20
1225 20
1226 20
1227 20
1228 20
1229 27
1230 20
1231 20
1232 21
1233 20
1234 20
1235 20
1236 20
1237 20
1238 21
1239 21
1240 20
1241 21
1242 21
1243 21
1244 21
1245 21
1246 21
1247 21
1248 21
1249 21
1250 21
1251 21
1252 21
1253 21
1254 21
1255 21
1256 21
1257 21
1258 21
1259 21
1260 21
1261 21
1262 22
1263 21
1264 22
1265 22
1266 22
1267 22
1268 22
1269 22
1270 22
1271 22
1272 22
1273 22
1274 22
1275 27
1276 22
1277 22
1278 22
1279 22
1280 22
1281 22
1282 22
1283 22
1284 22
1285 22
1286 25
1287 26
1288 23
1289 23
1290 22
1291 22
1292 23
1293 23
1294 23
1295 22
1296 23
1297 23
1298 23
1299 24
1300 23
1301 23
1302 23
1303 23
1304 23
1305 23
1306 25
1307 24
1308 24
1309 24
1310 24
1311 23
1312 23
1313 25
1314 24
1315 23
1316 23
1317 30
1318 23
1319 23
1320 23
1321 24
1322 23
1323 23
1324 24
1325 23
1326 24
1327 24
1328 24
1329 24
1330 24
1331 24
1332 26
1333 24
1334 25
1335 24
1336 24
1337 24
1338 24
1339 24
1340 24
1341 24
1342 24
1343 24
1344 24
1345 24
1346 25
1347 26
1348 25
1349 25
1350 26
1351 26
1352 25
1353 26
1354 26
1355 26
1356 26
1357 26
1358 26
1359 25
1360 26
1361 25
1362 25
1363 25
1364 25
1365 25
1366 25
1367 25
1368 26
1369 26
1370 27
1371 26
1372 26
1373 26
1374 25
1375 27
1376 26
1377 26
1378 26
1379 26
1380 26
1381 26
1382 26
1383 26
1384 26
1385 26
1386 26
1387 26
1388 26
1389 26
1390 26
1391 26
1392 26
1393 26
1394 27
1395 31
1396 26
1397 26
1398 26
1399 27
1400 27
1401 27
1402 27
1403 28
1404 27
1405 28
1406 27
1407 27
1408 27
1409 27
1410 27
1411 27
1412 27
1413 28
1414 28
1415 28
1416 28
1417 27
1418 27
1419 27
1420 27
1421 27
1422 27
1423 27
1424 27
1425 28
1426 28
1427 28
1428 28
1429 29
1430 30
1431 29
1432 28
1433 29
1434 28
1435 28
1436 28
1437 28
1438 30
1439 28
1440 28
1441 28
1442 28
1443 29
1444 29
1445 30
1446 29
1447 30
1448 29
1449 30
1450 29
1451 28
1452 28
1453 28
1454 28
1455 28
1456 28
1457 29
1458 29
1459 29
1460 29
1461 29
1462 29
1463 29
1464 34
1465 30
1466 29
1467 29
1468 29
1469 30
1470 30
1471 29
1472 29
1473 29
1474 29
1475 29
1476 29
1477 30
1478 30
1479 30
1480 31
1481 31
1482 31
1483 31
1484 31
1485 31
1486 31
1487 30
1488 30
1489 30
1490 31
1491 30
1492 31
1493 31
1494 31
1495 31
1496 31
1497 35
1498 31
1499 31
1500 31
1501 30
1502 30
1503 30
1504 30
1505 30
1506 31
1507 31
1508 31
1509 31
1510 32
1511 32
1512 32
1513 31
1514 32
1515 32
1516 31
1517 31
1518 32
1519 32
1520 32
1521 32
1522 31
1523 31
1524 32
1525 31
1526 32
1527 31
1528 37
1529 32
1530 32
1531 32
1532 33
1533 32
1534 33
1535 33
1536 32
1537 32
1538 33
1539 33
1540 32
1541 33
1542 33
1543 33
1544 34
1545 34
1546 34
1547 33
1548 32
1549 32
1550 33
1551 33
1552 33
1553 34
1554 33
1555 34
1556 33
1557 34
1558 38
1559 33
1560 33
1561 33
1562 33
1563 33
1564 34
1565 34
1566 34
1567 34
1568 34
1569 34
1570 35
1571 34
1572 34
1573 34
1574 34
1575 35
1576 34
1577 34
1578 34
1579 34
1580 35
1581 34
1582 34
1583 35
1584 35
1585 35
1586 39
1587 34
1588 34
1589 35
1590 36
1591 43
1592 36
1593 36
1594 35
1595 35
1596 35
1597 35
1598 35
1599 36
1600 36
1601 37
1602 36
1603 36
1604 36
1605 37
1606 36
1607 36
1608 35
1609 36
1610 36
1611 36
1612 36
1613 39
1614 40
1615 36
1616 36
1617 36
1618 37
1619 41
1620 37
1621 43
1622 36
1623 36
1624 36
1625 41
1626 38
1627 37
1628 37
1629 38
1630 37
1631 36
1632 38
1633 37
1634 37
1635 38
1636 37
1637 38
1638 38
1639 38
1640 39
1641 37
1642 37
1643 37
1644 39
1645 40
1646 40
1647 39
1648 40
1649 40
1650 38
1651 37
1652 40
1653 39
1654 39
1655 41
1656 40
1657 40
1658 39
1659 41
1660 38
1661 39
1662 38
1663 38
1664 38
1665 43
1666 38
1667 38
1668 38
1669 39
1670 40
1671 40
1672 41
1673 41
1674 40
1675 40
1676 39
1677 39
1678 39
1679 39
1680 38
1681 38
1682 38
1683 38
1684 38
1685 40
1686 39
1687 38
1688 38
1689 39
1690 43
1691 39
1692 39
1693 39
1694 39
1695 39
1696 39
1697 39
1698 42
1699 40
1700 39
1701 39
1702 39
1703 39
1704 39
1705 40
1706 39
1707 40
1708 40
1709 40
1710 39
1711 41
1712 40
1713 39
1714 40
1715 44
1716 40
1717 40
1718 40
1719 40
1720 40
1721 40
1722 40
1723 41
1724 42
1725 40
1726 41
1727 41
1728 41
1729 40
1730 41
1731 41
1732 41
1733 40
1734 41
1735 41
1736 41
1737 42
1738 41
1739 46
1740 41
1741 41
1742 41
1743 41
1744 42
1745 41
1746 41
1747 42
1748 41
1749 43
1750 42
1751 41
1752 41
1753 41
1754 41
1755 42
1756 42
1757 42
1758 42
1759 42
1760 42
1761 43
1762 49
1763 42
1764 42
1765 42
1766 42
1767 42
1768 42
1769 44
1770 42
1771 42
1772 44
1773 43
1774 44
1775 43
1776 43
1777 43
1778 43
1779 43
1780 43
1781 42
1782 43
1783 42
1784 44
1785 49
1786 42
1787 43
1788 43
1789 43
1790 43
1791 43
1792 43
1793 43
1794 44
1795 43
1796 44
1797 44
1798 44
1799 44
1800 44
1801 44
1802 44
1803 44
1804 44
1805 44
1806 44
1807 44
1808 49
1809 45
1810 45
1811 45
1812 45
1813 45
1814 45
1815 44
1816 45
1817 45
1818 45
1819 46
1820 46
1821 46
1822 46
1823 45
1824 45
1825 46
1826 45
1827 45
1828 45
1829 46
1830 46
1831 46
1832 46
1833 46
1834 46
1835 49
1836 47
1837 46
1838 46
1839 46
1840 46
1841 46
1842 46
1843 46
1844 46
1845 46
1846 46
1847 46
1848 47
1849 47
1850 46
1851 51
1852 46
1853 47
1854 47
1855 47
1856 47
1857 48
1858 47
1859 47
1860 47
1861 47
1862 48
1863 47
1864 48
1865 49
1866 48
1867 48
1868 47
1869 47
1870 47
1871 52
1872 47
1873 48
1874 48
1875 48
1876 48
1877 50
1878 48
1879 48
1880 48
1881 48
1882 48
1883 48
1884 48
1885 48
1886 48
1887 49
1888 49
1889 48
1890 49
1891 50
1892 53
1893 50
1894 49
1895 49
1896 49
1897 49
1898 50
1899 51
1900 51
1901 50
1902 50
1903 51
1904 51
1905 51
1906 51
1907 50
1908 51
1909 50
1910 51
1911 51
1912 51
1913 51
1914 58
1915 51
1916 52
1917 51
1918 53
1919 51
1920 51
1921 51
1922 51
1923 51
1924 52
1925 52
1926 51
1927 51
1928 51
1929 51
1930 58
1931 51
1932 52
1933 51
1934 52
1935 51
1936 53
1937 52
1938 53
1939 52
1940 53
1941 52
1942 53
1943 52
1944 54
1945 52
1946 54
1947 53
1948 54
1949 53
1950 54
1951 53
1952 53
1953 52
1954 53
1955 53
1956 58
1957 59
1958 55
1959 53
1960 54
1961 54
1962 54
1963 53
1964 54
1965 53
1966 55
1967 58
1968 55
1969 53
1970 55
1971 53
1972 54
1973 54
1974 56
1975 53
1976 55
1977 54
1978 55
1979 55
1980 56
1981 56
1982 57
1983 55
1984 56
1985 55
1986 56
1987 55
1988 56
1989 55
1990 56
1991 55
1992 57
1993 55
1994 57
1995 55
1996 57
1997 55
1998 57
1999 56
2000 57
2001 56
2002 57
2003 56
2004 58
2005 56
2006 57
2007 55
2008 57
2009 56
2010 59
2011 56
2012 58
2013 56
2014 61
2015 56
2016 57
2017 56
2018 57
2019 56
2020 63
2021 57
2022 59
2023 57
2024 58
2025 57
2026 66
2027 57
2028 59
2029 57
2030 59
2031 59
2032 60
2033 58
2034 59
2035 57
2036 59
2037 63
2038 60
2039 57
2040 59
2041 57
2042 59
2043 58
2044 59
2045 58
2046 60
2047 58
2048 61
2049 59
2050 62
2051 59
2052 61
2053 64
2054 63
2055 57
2056 60
2057 58
2058 60
2059 60
2060 62
2061 59
2062 60
2063 58
2064 61
2065 59
2066 61
2067 59
2068 61
2069 59
2070 67
2071 60
2072 61
2073 59
2074 61
2075 59
2076 62
2077 60
2078 61
2079 60
2080 62
2081 61
2082 62
2083 61
2084 63
2085 60
2086 68
2087 60
2088 62
2089 60
2090 62
2091 61
2092 63
2093 62
2094 62
2095 60
2096 63
2097 61
2098 63
2099 61
2100 63
2101 61
2102 69
2103 61
2104 63
2105 61
2106 63
2107 62
2108 64
2109 62
2110 64
2111 61
2112 63
2113 63
2114 64
2115 62
2116 66
2117 67
2118 63
2119 67
2120 64
2121 62
2122 64
2123 62
2124 64
2125 63
2126 64
2127 63
2128 72
2129 63
2130 64
2131 63
2132 65
2133 70
2134 64
2135 63
2136 65
2137 63
2138 65
2139 63
2140 67
2141 63
2142 65
2143 64
2144 67
2145 64
2146 66
2147 64
2148 72
2149 64
2150 65
2151 64
2152 66
2153 64
2154 66
2155 65
2156 67
2157 64
2158 66
2159 64
2160 66
2161 65
2162 67
2163 70
2164 66
2165 63
2166 67
2167 64
2168 66
2169 65
2170 66
2171 66
2172 67
2173 65
2174 68
2175 67
2176 67
2177 66
2178 73
2179 66
2180 67
2181 66
2182 69
2183 66
2184 68
2185 69
2186 67
2187 66
2188 68
2189 67
2190 68
2191 67
2192 70
2193 67
2194 67
2195 67
2196 68
2197 67
2198 68
2199 67
2200 71
2201 71
2202 68
2203 69
2204 69
2205 69
2206 70
2207 69
2208 69
2209 68
2210 68
2211 68
2212 69
2213 68
2214 69
2215 68
2216 69
2217 69
2218 69
2219 69
2220 70
2221 70
2222 70
2223 69
2224 70
2225 70
2226 70
2227 69
2228 70
2229 69
2230 70
2231 69
2232 71
2233 74
2234 74
2235 73
2236 71
2237 70
2238 70
2239 70
2240 70
2241 70
2242 70
2243 72
2244 70
2245 71
2246 75
2247 71
2248 71
2249 72
2250 71
2251 71
2252 72
2253 72
2254 71
2255 71
2256 71
2257 72
2258 71
2259 71
2260 72
2261 72
2262 71
2263 79
2264 73
2265 73
2266 73
2267 73
2268 72
2269 72
2270 73
2271 73
2272 72
2273 73
2274 73
2275 73
2276 74
2277 73
2278 73
2279 74
2280 75
2281 73
2282 73
2283 73
2284 73
2285 73
2286 73
2287 74
2288 75
2289 75
2290 78
2291 73
2292 73
2293 72
2294 73
2295 72
2296 73
2297 73
2298 72
2299 74
2300 74
2301 74
2302 74
2303 81
2304 75
2305 75
2306 75
2307 76
2308 77
2309 75
2310 76
2311 79
2312 76
2313 76
2314 76
2315 76
2316 86
2317 76
2318 76
2319 76
2320 76
2321 76
2322 76
2323 76
2324 77
2325 77
2326 76
2327 76
2328 77
2329 79
2330 77
2331 79
2332 78
2333 78
2334 77
2335 77
2336 79
2337 77
2338 78
2339 80
2340 80
2341 85
2342 78
2343 83
2344 79
2345 78
2346 78
2347 79
2348 78
2349 80
2350 78
2351 78
2352 79
2353 82
2354 82
2355 80
2356 78
2357 79
2358 79
2359 78
2360 79
2361 80
2362 79
2363 80
2364 81
2365 80
2366 85
2367 84
2368 81
2369 81
2370 81
2371 81
2372 82
2373 79
2374 80
2375 80
2376 80
2377 80
2378 87
2379 80
2380 80
2381 80
2382 80
2383 81
2384 81
2385 83
2386 81
2387 81
2388 81
2389 80
2390 85
2391 82
2392 81
2393 81
2394 81
2395 82
2396 81
2397 81
2398 82
2399 82
2400 84
2401 82
2402 82
2403 90
2404 82
2405 82
2406 82
2407 83
2408 83
2409 83
2410 83
2411 83
2412 83
2413 83
2414 89
2415 83
2416 92
2417 84
2418 83
2419 85
2420 85
2421 84
2422 85
2423 83
2424 85
2425 85
2426 85
2427 86
2428 85
2429 86
2430 86
2431 85
2432 84
2433 84
2434 85
2435 86
2436 85
2437 86
2438 91
2439 86
2440 87
2441 86
2442 86
2443 85
2444 88
2445 88
2446 88
2447 88
2448 87
2449 89
2450 88
2451 88
2452 87
2453 87
2454 87
2455 87
2456 88
2457 87
2458 86
2459 87
2460 91
2461 87
2462 88
2463 88
2464 94
2465 88
2466 89
2467 89
2468 88
2469 88
2470 87
2471 95
2472 87
2473 89
2474 89
2475 88
2476 88
2477 88
2478 88
2479 87
2480 89
2481 88
2482 92
2483 90
2484 89
2485 90
2486 90
2487 88
2488 89
2489 90
2490 89
2491 90
2492 90
2493 90
2494 90
2495 90
2496 90
2497 90
2498 90
2499 90
2500 91
2501 90
2502 91
2503 91
2504 92
2505 92
2506 91
2507 91
2508 91
2509 91
2510 91
2511 91
2512 91
2513 99
2514 92
2515 92
2516 92
2517 91
2518 92
2519 91
2520 92
2521 92
2522 91
2523 91
2524 92
2525 92
2526 97
2527 93
2528 93
2529 92
2530 91
2531 92
2532 91
2533 92
2534 91
2535 94
2536 92
2537 98
2538 93
2539 94
2540 94
2541 94
2542 93
2543 92
2544 92
2545 93
2546 93
2547 98
2548 92
2549 90
2550 93
2551 91
2552 93
2553 92
2554 91
2555 93
2556 94
2557 94
2558 100
2559 95
2560 94
2561 103
2562 95
2563 94
2564 94
2565 94
2566 94
2567 95
2568 102
2569 96
2570 95
2571 95
2572 95
2573 94
2574 95
2575 95
2576 95
2577 95
2578 97
2579 98
2580 96
2581 95
2582 96
2583 95
2584 96
2585 95
2586 96
2587 96
2588 96
2589 101
2590 96
2591 97
2592 96
2593 96
2594 96
2595 97
2596 96
2597 97
2598 97
2599 103
2600 97
2601 97
2602 98
2603 98
2604 97
2605 97
2606 97
2607 97
2608 97
2609 107
2610 99
2611 100
2612 99
2613 100
2614 100
2615 97
2616 99
2617 98
2618 97
2619 106
2620 99
2621 99
2622 99
2623 99
2624 100
2625 100
2626 101
2627 102
2628 101
2629 102
2630 99
2631 101
2632 101
2633 100
2634 99
2635 100
2636 99
2637 102
2638 102
2639 103
2640 101
2641 101
2642 101
2643 101
2644 100
2645 100
2646 101
2647 100
2648 106
2649 102
2650 101
2651 103
2652 102
2653 103
2654 102
2655 102
2656 101
2657 102
2658 109
2659 104
2660 103
2661 103
2662 104
2663 103
2664 102
2665 102
2666 102
2667 102
2668 108
2669 104
2670 103
2671 102
2672 102
2673 103
2674 104
2675 104
2676 103
2677 103
2678 103
2679 101
2680 103
2681 103
2682 103
2683 104
2684 104
2685 104
2686 104
2687 108
2688 106
2689 107
2690 106
2691 105
2692 104
2693 104
2694 105
2695 104
2696 110
2697 106
2698 104
2699 104
2700 104
2701 105
2702 105
2703 106
2704 106
2705 106
2706 118
2707 105
2708 105
2709 105
2710 105
2711 106
2712 106
2713 106
2714 106
2715 113
2716 108
2717 108
2718 108
2719 110
2720 108
2721 108
2722 109
2723 108
2724 112
2725 107
2726 107
2727 109
2728 109
2729 108
2730 107
2731 108
2732 108
2733 113
2734 109
2735 108
2736 108
2737 109
2738 108
2739 109
2740 108
2741 110
2742 112
2743 109
2744 111
2745 111
2746 108
2747 109
2748 110
2749 109
2750 109
2751 115
2752 114
2753 110
2754 110
2755 110
2756 110
2757 110
2758 110
2759 110
2760 118
2761 115
2762 110
2763 110
2764 111
2765 111
2766 111
2767 111
2768 111
2769 116
2770 111
2771 112
2772 112
2773 110
2774 111
2775 111
2776 112
2777 112
2778 116
2779 112
2780 112
2781 112
2782 112
2783 112
2784 112
2785 113
2786 118
2787 113
2788 112
2789 113
2790 113
2791 113
2792 113
2793 113
2794 114
2795 115
2796 115
2797 115
2798 116
2799 120
2800 116
2801 116
2802 115
2803 115
2804 115
2805 112
2806 113
2807 115
2808 114
2809 114
2810 114
2811 115
2812 121
2813 115
2814 114
2815 115
2816 116
2817 116
2818 116
2819 115
2820 116
2821 120
2822 116
2823 116
2824 117
2825 115
2826 117
2827 116
2828 116
2829 120
2830 116
2831 116
2832 116
2833 117
2834 118
2835 117
2836 117
2837 117
2838 120
2839 116
2840 118
2841 117
2842 117
2843 119
2844 127
2845 119
2846 126
2847 118
2848 119
2849 122
2850 120
2851 119
2852 119
2853 120
2854 122
2855 120
2856 120
2857 121
2858 120
2859 120
2860 120
2861 120
2862 120
2863 121
2864 122
2865 120
2866 119
2867 121
2868 122
2869 120
2870 122
2871 120
2872 121
2873 123
2874 121
2875 121
2876 122
2877 122
2878 120
2879 125
2880 121
2881 121
2882 121
2883 122
2884 122
2885 121
2886 121
2887 126
2888 122
2889 122
2890 122
2891 130
2892 121
2893 121
2894 122
2895 128
2896 120
2897 125
2898 123
2899 124
2900 126
2901 122
2902 124
2903 128
2904 122
2905 125
2906 123
2907 125
2908 124
2909 125
2910 124
2911 129
2912 122
2913 124
2914 124
2915 124
2916 125
2917 123
2918 124
2919 128
2920 123
2921 125
2922 132
2923 124
2924 124
2925 125
2926 125
2927 127
2928 125
2929 126
2930 127
2931 126
2932 126
2933 125
2934 126
2935 128
2936 124
2937 124
2938 124
2939 127
2940 126
2941 126
2942 126
2943 136
2944 126
2945 131
2946 127
2947 130
2948 127
2949 127
2950 133
2951 125
2952 128
2953 126
2954 128
2955 126
2956 129
2957 126
2958 134
2959 126
2960 127
2961 129
2962 128
2963 129
2964 130
2965 128
2966 134
2967 127
2968 130
2969 129
2970 129
2971 130
2972 129
2973 135
2974 128
2975 130
2976 128
2977 131
2978 130
2979 131
2980 130
2981 134
2982 129
2983 130
2984 129
2985 131
2986 130
2987 130
2988 135
2989 134
2990 132
2991 132
2992 136
2993 133
2994 133
2995 134
2996 138
2997 131
2998 134
2999 139
3000 132
3001 133
3002 132
3003 135
3004 132
3005 134
3006 133
3007 133
3008 134
3009 134
3010 134
3011 134
3012 132
3013 133
3014 133
3015 132
3016 134
3017 134
3018 139
3019 133
3020 134
3021 134
3022 134
3023 133
3024 135
3025 138
3026 135
3027 135
3028 134
3029 136
3030 135
3031 133
3032 136
3033 139
3034 133
3035 136
3036 134
3037 135
3038 135
3039 142
3040 137
3041 135
3042 135
3043 136
3044 144
3045 134
3046 135
3047 139
3048 136
3049 136
3050 135
3051 135
3052 137
3053 137
3054 136
3055 141
3056 138
3057 138
3058 140
3059 139
3060 137
3061 136
3062 140
3063 134
3064 137
3065 135
3066 136
3067 137
3068 139
3069 143
3070 137
3071 138
3072 138
3073 138
3074 139
3075 139
3076 143
3077 137
3078 137
3079 137
3080 139
3081 141
3082 139
3083 143
3084 138
3085 141
3086 141
3087 144
3088 146
3089 140
3090 142
3091 142
3092 141
3093 140
3094 141
3095 138
3096 141
3097 152
3098 139
3099 142
3100 141
3101 146
3102 142
3103 142
3104 144
3105 143
3106 140
3107 141
3108 140
3109 141
3110 140
3111 143
3112 142
3113 142
3114 141
3115 140
3116 141
3117 140
3118 144
3119 142
3120 144
3121 141
3122 142
3123 152
3124 143
3125 147
3126 143
3127 141
3128 144
3129 142
3130 141
3131 143
3132 153
3133 148
3134 143
3135 145
3136 144
3137 143
3138 144
3139 152
3140 144
3141 144
3142 144
3143 144
3144 146
3145 145
3146 146
3147 145
3148 144
3149 145
3150 144
3151 144
3152 151
3153 145
3154 145
3155 145
3156 146
3157 144
3158 146
3159 150
3160 148
3161 145
3162 145
3163 147
3164 146
3165 146
3166 157
3167 147
3168 148
3169 147
3170 147
3171 147
3172 146
3173 152
3174 148
3175 148
3176 149
3177 152
3178 150
3179 155
3180 148
3181 147
3182 148
3183 149
3184 150
3185 150
3186 152
3187 151
3188 148
3189 147
3190 151
3191 146
3192 152
3193 148
3194 146
3195 152
3196 149
3197 149
3198 149
3199 154
3200 150
3201 149
3202 150
3203 151
3204 151
3205 155
3206 152
3207 151
3208 153
3209 151
3210 152
3211 151
3212 154
3213 149
3214 150
3215 151
3216 153
3217 153
3218 154
3219 158
3220 153
3221 151
3222 152
3223 152
3224 153
3225 166
3226 151
3227 154
3228 151
3229 150
3230 152
3231 152
3232 158
3233 152
3234 153
3235 153
3236 152
3237 153
3238 157
3239 154
3240 153
3241 154
3242 152
3243 153
3244 158
3245 154
3246 154
3247 155
3248 155
3249 154
3250 154
3251 162
3252 153
3253 153
3254 156
3255 153
3256 154
3257 167
3258 153
3259 156
3260 156
3261 154
3262 154
3263 156
3264 162
3265 161
3266 155
3267 157
3268 156
3269 155
3270 161
3271 155
3272 156
3273 158
3274 158
3275 157
3276 162
3277 157
3278 157
3279 158
3280 156
3281 156
3282 164
3283 162
3284 158
3285 155
3286 158
3287 156
3288 157
3289 162
3290 155
3291 160
3292 157
3293 158
3294 157
3295 163
3296 159
3297 160
3298 159
3299 159
3300 164
3301 164
3302 159
3303 159
3304 160
3305 160
3306 159
3307 164
3308 159
3309 160
3310 159
3311 160
3312 160
3313 161
3314 163
3315 160
3316 159
3317 158
3318 164
3319 157
3320 165
3321 160
3322 158
3323 161
3324 161
3325 164
3326 174
3327 175
3328 165
3329 164
3330 169
3331 165
3332 169
3333 163
3334 163
3335 174
3336 167
3337 167
3338 163
3339 165
3340 165
3341 163
3342 163
3343 162
3344 169
3345 163
3346 166
3347 163
3348 162
3349 162
3350 169
3351 161
3352 165
3353 165
3354 162
3355 165
3356 171
3357 165
3358 165
3359 166
3360 166
3361 165
3362 171
3363 166
3364 166
3365 165
3366 166
3367 166
3368 171
3369 174
3370 167
3371 166
3372 166
3373 165
3374 172
3375 165
3376 166
3377 168
3378 166
3379 171
3380 167
3381 166
3382 168
3383 166
3384 167
3385 174
3386 166
3387 167
3388 167
3389 167
3390 167
3391 172
3392 170
3393 169
3394 168
3395 169
3396 168
3397 173
3398 168
3399 168
3400 171
3401 169
3402 168
3403 173
3404 168
3405 170
3406 174
3407 169
3408 170
3409 178
3410 175
3411 169
3412 170
3413 168
3414 171
3415 173
3416 171
3417 172
3418 171
3419 173
3420 177
3421 170
3422 170
3423 170
3424 171
3425 171
3426 176
3427 174
3428 172
3429 172
3430 172
3431 172
3432 177
3433 172
3434 171
3435 171
3436 171
3437 173
3438 174
3439 173
3440 176
3441 174
3442 175
3443 177
3444 177
3445 176
3446 175
3447 172
3448 174
3449 185
3450 175
3451 177
3452 175
3453 175
3454 176
3455 177
3456 177
3457 178
3458 177
3459 178
3460 179
3461 181
3462 175
3463 179
3464 177
3465 176
3466 176
3467 176
3468 178
3469 175
3470 177
3471 182
3472 176
3473 176
3474 177
3475 178
3476 178
3477 177
3478 178
3479 176
3480 179
3481 178
3482 177
3483 180
3484 178
3485 179
3486 179
3487 179
3488 182
3489 186
3490 178
3491 179
3492 178
3493 185
3494 178
3495 178
3496 183
3497 180
3498 178
3499 184
3500 180
3501 179
3502 179
3503 179
3504 185
3505 180
3506 179
3507 184
3508 180
3509 179
3510 186
3511 179
3512 182
3513 179
3514 181
3515 187
3516 181
3517 180
3518 180
3519 181
3520 181
3521 186
3522 181
3523 183
3524 180
3525 181
3526 187
3527 183
3528 190
3529 186
3530 184
3531 181
3532 195
3533 182
3534 182
3535 182
3536 183
3537 188
3538 183
3539 183
3540 183
3541 182
3542 189
3543 182
3544 185
3545 186
3546 182
3547 188
3548 189
3549 183
3550 185
3551 183
3552 186
3553 189
3554 187
3555 185
3556 188
3557 187
3558 187
3559 186
3560 186
3561 191
3562 189
3563 187
3564 186
3565 185
3566 184
3567 185
3568 185
3569 196
3570 187
3571 188
3572 185
3573 184
3574 190
3575 184
3576 188
3577 186
3578 186
3579 188
3580 188
3581 188
3582 187
3583 187
3584 188
3585 192
3586 189
3587 188
3588 187
3589 187
3590 192
3591 186
3592 189
3593 190
3594 188
3595 193
3596 187
3597 188
3598 189
3599 188
3600 188
3601 193
3602 189
3603 189
3604 189
3605 188
3606 194
3607 189
3608 191
3609 199
3610 190
3611 197
3612 189
3613 190
3614 191
3615 191
3616 196
3617 191
3618 193
3619 191
3620 190
3621 195
3622 190
3623 191
3624 193
3625 193
3626 191
3627 193
3628 192
3629 191
3630 191
3631 192
3632 197
3633 193
3634 192
3635 193
3636 194
3637 195
3638 194
3639 191
3640 199
3641 192
3642 194
3643 194
3644 193
3645 192
3646 193
3647 198
3648 194
3649 193
3650 203
3651 194
3652 199
3653 194
3654 196
3655 197
3656 197
3657 201
3658 196
3659 196
3660 194
3661 194
3662 200
3663 196
3664 197
3665 195
3666 197
3667 202
3668 196
3669 196
3670 200
3671 196
3672 201
3673 198
3674 197
3675 200
3676 198
3677 201
3678 197
3679 199
3680 200
3681 197
3682 203
3683 197
3684 198
3685 198
3686 204
3687 204
3688 205
3689 199
3690 197
3691 196
3692 204
3693 201
3694 199
3695 199
3696 198
3697 205
3698 200
3699 200
3700 200
3701 197
3702 205
3703 197
3704 200
3705 198
3706 197
3707 208
3708 201
3709 201
3710 202
3711 200
3712 205
3713 200
3714 200
3715 201
3716 205
3717 209
3718 200
3719 200
3720 202
3721 202
3722 205
3723 201
3724 203
3725 202
3726 211
3727 209
3728 202
3729 203
3730 202
3731 208
3732 209
3733 200
3734 207
3735 204
3736 210
3737 205
3738 202
3739 205
3740 204
3741 209
3742 206
3743 205
3744 208
3745 208
3746 211
3747 207
3748 206
3749 207
3750 208
3751 207
3752 209
3753 209
3754 207
3755 208
3756 207
3757 205
3758 207
3759 206
3760 211
3761 206
3762 206
3763 210
3764 209
3765 219
3766 212
3767 207
3768 217
3769 207
3770 215
3771 218
3772 207
3773 206
3774 213
3775 208
3776 207
3777 208
3778 208
3779 215
3780 210
3781 210
3782 208
3783 207
3784 217
3785 212
3786 208
3787 208
3788 214
3789 208
3790 210
3791 208
3792 209
3793 215
3794 211
3795 210
3796 210
3797 208
3798 218
3799 209
3800 213
3801 211
3802 210
3803 220
3804 219
3805 211
3806 212
3807 218
3808 211
3809 213
3810 214
3811 213
3812 217
3813 212
3814 212
3815 213
3816 219
3817 214
3818 213
3819 215
3820 214
3821 218
3822 212
3823 216
3824 217
3825 217
3826 219
3827 217
3828 217
3829 211
3830 219
3831 211
3832 216
3833 215
3834 218
3835 223
3836 214
3837 213
3838 219
3839 219
3840 218
3841 220
3842 214
3843 216
3844 218
3845 217
3846 217
3847 217
3848 218
3849 220
3850 217
3851 217
3852 222
3853 220
3854 217
3855 217
3856 219
3857 219
3858 222
3859 224
3860 217
3861 216
3862 223
3863 218
3864 220
3865 218
3866 216
3867 226
3868 218
3869 218
3870 220
3871 224
3872 219
3873 224
3874 222
3875 221
3876 227
3877 219
3878 220
3879 219
3880 225
3881 220
3882 219
3883 221
3884 221
3885 224
3886 221
3887 221
3888 222
3889 222
3890 221
3891 222
3892 222
3893 221
3894 225
3895 221
3896 225
3897 220
3898 224
3899 223
3900 232
3901 224
3902 225
3903 225
3904 226
3905 229
3906 226
3907 226
3908 223
3909 222
3910 226
3911 227
3912 224
3913 225
3914 225
3915 233
3916 228
3917 228
3918 224
3919 224
3920 228
3921 227
3922 229
3923 227
3924 229
3925 223
3926 226
3927 223
3928 229
3929 229
3930 226
3931 230
3932 226
3933 228
3934 227
3935 226
3936 227
3937 229
3938 227
3939 227
3940 228
3941 226
3942 232
3943 225
3944 230
3945 230
3946 233
3947 225
3948 226
3949 227
3950 231
3951 226
3952 228
3953 237
3954 229
3955 233
3956 228
3957 226
3958 232
3959 237
3960 233
3961 229
3962 226
3963 240
3964 228
3965 229
3966 229
3967 229
3968 236
3969 229
3970 229
3971 229
3972 234
3973 229
3974 228
3975 231
3976 236
3977 232
3978 230
3979 231
3980 231
3981 237
3982 232
3983 232
3984 231
3985 236
3986 231
3987 232
3988 232
3989 236
3990 236
3991 237
3992 237
3993 237
3994 231
3995 236
3996 236
3997 232
3998 236
3999 234
4000 234
4001 234
4002 237
4003 235
4004 233
4005 234
4006 237
4007 236
4008 235
4009 236
4010 239
4011 235
4012 234
4013 234
4014 240
4015 234
4016 236
4017 235
4018 236
4019 241
4020 238
4021 233
4022 237
4023 238
4024 238
4025 239
4026 237
4027 240
4028 242
4029 240
4030 242
4031 240
4032 237
4033 237
4034 238
4035 240
4036 236
4037 237
4038 237
4039 244
4040 240
4041 239
4042 238
4043 241
4044 243
4045 240
4046 240
4047 238
4048 244
4049 241
4050 244
4051 240
4052 245
4053 239
4054 244
4055 243
4056 248
4057 241
4058 239
4059 243
4060 246
4061 240
4062 239
4063 240
4064 245
4065 250
4066 243
4067 245
4068 249
4069 243
4070 240
4071 242
4072 248
4073 244
4074 242
4075 242
4076 247
4077 244
4078 242
4079 243
4080 249
4081 243
4082 243
4083 245
4084 250
4085 244
4086 248
4087 244
4088 250
4089 246
4090 246
4091 247
4092 249
4093 244
4094 244
4095 244
4096 249
4097 245
4098 246
4099 254
4100 249
4101 245
4102 246
4103 248
4104 258
4105 248
4106 246
4107 250
4108 250
4109 249
4110 248
4111 248
4112 252
4113 248
4114 247
4115 248
4116 256
4117 248
4118 252
4119 247
4120 255
4121 248
4122 247
4123 252
4124 253
4125 247
4126 248
4127 249
4128 261
4129 249
4130 249
4131 249
4132 254
4133 249
4134 255
4135 251
4136 254
4137 253
4138 251
4139 251
4140 255
4141 251
4142 250
4143 250
4144 255
4145 253
4146 251
4147 252
4148 256
4149 250
4150 257
4151 252
4152 262
4153 253
4154 249
4155 259
4156 258
4157 252
4158 255
4159 254
4160 258
4161 253
4162 254
4163 258
4164 255
4165 255
4166 256
4167 256
4168 258
4169 257
4170 256
4171 263
4172 256
4173 256
4174 256
4175 261
4176 256
4177 255
4178 256
4179 263
4180 260
4181 254
4182 259
4183 261
4184 259
4185 258
4186 254
4187 266
4188 258
4189 255
4190 257
4191 262
4192 261
4193 259
4194 262
4195 259
4196 258
4197 258
4198 262
4199 257
4200 260
4201 262
4202 264
4203 258
4204 258
4205 259
4206 265
4207 259
4208 259
4209 265
4210 267
4211 262
4212 260
4213 263
4214 263
4215 260
4216 264
4217 263
4218 257
4219 264
4220 260
4221 266
4222 263
4223 264
4224 261
4225 267
4226 262
4227 265
4228 270
4229 264
4230 263
4231 265
4232 267
4233 266
4234 264
4235 265
4236 267
4237 264
4238 264
4239 265
4240 267
4241 266
4242 266
4243 270
4244 271
4245 264
4246 268
4247 266
4248 270
4249 268
4250 262
4251 272
4252 265
4253 265
4254 266
4255 270
4256 274
4257 268
4258 271
4259 265
4260 265
4261 268
4262 269
4263 265
4264 268
4265 268
4266 271
4267 266
4268 267
4269 272
4270 266
4271 267
4272 267
4273 272
4274 271
4275 272
4276 270
4277 269
4278 270
4279 272
4280 274
4281 276
4282 270
4283 274
4284 272
4285 272
4286 272
4287 271
4288 273
4289 274
4290 269
4291 273
4292 271
4293 271
4294 271
4295 273
4296 272
4297 272
4298 270
4299 272
4300 272
4301 274
4302 274
4303 273
4304 272
4305 273
4306 275
4307 271
4308 271
4309 272
4310 275
4311 272
4312 277
4313 276
4314 278
4315 276
4316 271
4317 279
4318 272
4319 272
4320 277
4321 275
4322 273
4323 274
4324 277
4325 273
4326 273
4327 273
4328 282
4329 277
4330 275
4331 279
4332 275
4333 280
4334 275
4335 279
4336 275
4337 276
4338 280
4339 279
4340 276
4341 272
4342 283
4343 275
4344 278
4345 277
4346 281
4347 281
4348 279
4349 290
4350 280
4351 276
4352 278
4353 282
4354 277
4355 277
4356 280
4357 279
4358 277
4359 277
4360 284
4361 281
4362 279
4363 282
4364 279
4365 287
4366 279
4367 283
4368 282
4369 282
4370 283
4371 282
4372 283
4373 280
4374 285
4375 281
4376 286
4377 284
4378 282
4379 285
4380 285
4381 285
4382 283
4383 281
4384 291
4385 283
4386 282
4387 285
4388 286
4389 283
4390 281
4391 286
4392 284
4393 283
4394 281
4395 287
4396 282
4397 293
4398 289
4399 283
4400 284
4401 284
4402 289
4403 289
4404 288
4405 286
4406 286
4407 287
4408 295
4409 288
4410 285
4411 287
4412 290
4413 288
4414 284
4415 285
4416 291
4417 288
4418 286
4419 297
4420 289
4421 290
4422 291
4423 289
4424 289
4425 288
4426 290
4427 288
4428 290
4429 294
4430 288
4431 289
4432 290
4433 291
4434 290
4435 289
4436 292
4437 285
4438 291
4439 290
4440 298
4441 303
4442 303
4443 298
4444 294
4445 292
4446 297
4447 291
4448 290
4449 290
4450 300
4451 290
4452 291
4453 295
4454 301
4455 294
4456 301
4457 294
4458 291
4459 297
4460 305
4461 295
4462 296
4463 302
4464 292
4465 294
4466 299
4467 292
4468 292
4469 298
4470 301
4471 292
4472 302
4473 300
4474 299
4475 299
4476 306
4477 301
4478 298
4479 297
4480 299
4481 299
4482 302
4483 305
4484 301
4485 299
4486 302
4487 304
4488 309
4489 305
4490 305
4491 302
4492 321
4493 310
4494 300
4495 300
4496 335
4497 300
4498 305
4499 308
4500 328
4501 348
4502 303
4503 297
4504 312
4505 299
4506 304
4507 301
4508 297
4509 317
4510 297
4511 300
4512 303
4513 302
4514 299
4515 303
4516 298
4517 299
4518 299
4519 303
4520 301
4521 311
4522 306
4523 309
4524 301
4525 307
4526 300
4527 300
4528 304
4529 305
4530 303
4531 306
4532 305
4533 302
4534 306
4535 302
4536 308
4537 305
4538 304
4539 306
4540 306
4541 302
4542 307
4543 303
4544 306
4545 307
4546 304
4547 306
4548 311
4549 304
4550 303
4551 306
4552 308
4553 309
4554 311
4555 309
4556 304
4557 306
4558 309
4559 306
4560 305
4561 308
4562 308
4563 305
4564 312
4565 304
4566 309
4567 310
4568 311
4569 307
4570 306
4571 313
4572 309
4573 306
4574 311
4575 309
4576 311
4577 312
4578 312
4579 308
4580 312
4581 306
4582 308
4583 309
4584 314
4585 310
4586 309
4587 311
4588 317
4589 308
4590 311
4591 310
4592 312
4593 313
4594 311
4595 315
4596 313
4597 310
4598 315
4599 310
4600 314
4601 312
4602 307
4603 316
4604 312
4605 312
4606 317
4607 320
4608 312
4609 313
4610 311
4611 315
4612 316
4613 312
4614 312
4615 314
4616 315
4617 316
4618 323
4619 316
4620 316
4621 317
4622 320
4623 314
4624 314
4625 322
4626 315
4627 316
4628 321
4629 314
4630 321
4631 317
4632 317
4633 319
4634 319
4635 320
4636 318
4637 323
4638 318
4639 319
4640 324
4641 318
4642 315
4643 319
4644 317
4645 320
4646 316
4647 323
4648 321
4649 319
4650 322
4651 317
4652 317
4653 323
4654 319
4655 320
4656 324
4657 321
4658 332
4659 325
4660 320
4661 317
4662 326
4663 320
4664 324
4665 322
4666 320
4667 323
4668 323
4669 319
4670 321
4671 326
4672 323
4673 334
4674 325
4675 322
4676 322
4677 325
4678 322
4679 323
4680 327
4681 323
4682 328
4683 323
4684 324
4685 324
4686 324
4687 326
4688 325
4689 325
4690 329
4691 326
4692 326
4693 335
4694 328
4695 325
4696 330
4697 324
4698 322
4699 332
4700 326
4701 324
4702 328
4703 326
4704 326
4705 330
4706 328
4707 325
4708 330
4709 326
4710 334
4711 328
4712 329
4713 328
4714 331
4715 326
4716 328
4717 330
4718 329
4719 329
4720 337
4721 330
4722 330
4723 333
4724 329
4725 323
4726 335
4727 324
4728 334
4729 342
4730 329
4731 333
4732 331
4733 327
4734 328
4735 333
4736 329
4737 330
4738 335
4739 332
4740 330
4741 335
4742 329
4743 331
4744 336
4745 332
4746 340
4747 334
4748 330
4749 333
4750 337
4751 334
4752 333
4753 337
4754 333
4755 336
4756 342
4757 335
4758 336
4759 333
4760 340
4761 334
4762 333
4763 339
4764 335
4765 349
4766 338
4767 334
4768 339
4769 335
4770 340
4771 338
4772 335
4773 340
4774 338
4775 337
4776 342
4777 337
4778 335
4779 339
4780 335
4781 337
4782 344
4783 336
4784 338
4785 341
4786 338
4787 341
4788 345
4789 333
4790 341
4791 339
4792 350
4793 339
4794 339
4795 343
4796 340
4797 342
4798 346
4799 343
4800 343
4801 342
4802 343
4803 346
4804 339
4805 342
4806 340
4807 341
4808 347
4809 345
4810 342
4811 345
4812 341
4813 342
4814 342
4815 341
4816 341
4817 346
4818 343
4819 343
4820 345
4821 342
4822 348
4823 343
4824 346
4825 344
4826 344
4827 349
4828 344
4829 346
4830 343
4831 341
4832 356
4833 344
4834 349
4835 345
4836 343
4837 347
4838 344
4839 343
4840 349
4841 348
4842 344
4843 349
4844 346
4845 344
4846 348
4847 343
4848 344
4849 348
4850 348
4851 349
4852 349
4853 347
4854 353
4855 342
4856 352
4857 354
4858 342
4859 354
4860 352
4861 352
4862 352
4863 352
4864 351
4865 351
4866 353
4867 348
4868 347
4869 353
4870 349
4871 353
4872 352
4873 353
4874 350
4875 349
4876 351
4877 355
4878 352
4879 351
4880 355
4881 351
4882 350
4883 357
4884 354
4885 353
4886 361
4887 351
4888 364
4889 357
4890 433
4891 384
4892 400
4893 368
4894 362
4895 367
4896 377
4897 357
4898 356
4899 372
4900 367
4901 353
4902 375
4903 366
4904 369
4905 367
4906 361
4907 362
4908 376
4909 359
4910 363
4911 354
4912 358
4913 361
4914 361
4915 370
4916 361
4917 355
4918 368
4919 364
4920 362
4921 369
4922 358
4923 362
4924 359
4925 359
4926 360
4927 361
4928 360
4929 364
4930 360
4931 358
4932 364
4933 363
4934 366
4935 360
4936 368
4937 369
4938 363
4939 359
4940 363
4941 358
4942 358
4943 367
4944 365
4945 375
4946 362
4947 367
4948 368
4949 361
4950 369
4951 365
4952 363
4953 365
4954 364
4955 365
4956 367
4957 365
4958 361
4959 368
4960 365
4961 368
4962 366
4963 363
4964 367
4965 362
4966 362
4967 367
4968 366
4969 367
4970 368
4971 365
4972 371
4973 372
4974 372
4975 374
4976 369
4977 367
4978 377
4979 371
4980 367
4981 369
4982 370
4983 366
4984 369
4985 366
4986 368
4987 370
4988 367
4989 372
4990 371
4991 373
4992 366
4993 368
4994 371
4995 367
4996 367
4997 371
4998 365
4999 374
5000 371
